getter_data/images/5317e7c8d7f3300000000005.jpg 1 1515 722 291 503
getter_data/images/5317e7c7d7f3300000000001.jpg 1 726 758 384 499
getter_data/images/5317e80dd7f3300000000007.jpg 1 50 716 260 499
getter_data/images/5317e84b4383ff0000000005.jpg 1 1526 573 303 725
getter_data/images/5317e84b4383ff0000000002.jpg 1 728 612 380 725
getter_data/images/5317e88d4383ff000000000a.jpg 1 91 568 231 711
getter_data/images/5317e98f4383ff0000000019.jpg 1 1415 725 416 495
getter_data/images/5317e9944383ff000000001c.jpg 1 725 730 373 462
getter_data/images/5317e9944383ff000000001a.jpg 1 89 688 414 475
getter_data/images/5317e9114383ff0000000010.jpg 1 1469 679 364 495
getter_data/images/5317e9114383ff0000000013.jpg 1 735 765 371 479
getter_data/images/5317e9114383ff0000000011.jpg 1 68 693 379 480
getter_data/images/5317ea544383ff0000000027.jpg 1 1527 589 255 647
getter_data/images/5317ea544383ff0000000028.jpg 1 783 636 358 648
getter_data/images/5317ea5a4383ff0000000029.jpg 1 115 594 301 651
getter_data/images/5317eef45325c17703000004.jpg 1 1547 895 316 252
getter_data/images/5317eef45325c17703000002.jpg 1 746 932 380 240
getter_data/images/5317ef365325c17703000006.jpg 1 68 876 293 256
getter_data/images/5317f0e9762271510400000f.jpg 1 1507 538 313 746
getter_data/images/5317f0e97622715104000011.jpg 1 791 590 344 692
getter_data/images/5317f0af762271510400000b.jpg 1 79 533 368 747
getter_data/images/5317f0f4cec864720400000b.jpg 1 1266 576 219 742
getter_data/images/5317f0f3cec8647204000006.jpg 1 781 598 271 738
getter_data/images/5317f0f4cec864720400000d.jpg 1 421 573 253 740
getter_data/images/5317f211737a3dfc04000012.jpg 1 1476 703 362 477
getter_data/images/5317f210737a3dfc04000011.jpg 1 721 739 424 500
getter_data/images/5317f24b737a3dfc04000025.jpg 1 66 716 265 482
getter_data/images/5317f2c47f05bd4a05000023.jpg 1 1416 528 324 764
getter_data/images/5317f2fd7f05bd4a0500008e.jpg 1 765 568 350 769
getter_data/images/5317f2c47f05bd4a05000022.jpg 1 176 529 352 756
getter_data/images/5317f3868d6e53ab05000003.jpg 1 1531 550 256 740
getter_data/images/5317f3c38d6e53ab05000008.jpg 1 772 580 372 762
getter_data/images/5317f3868d6e53ab05000004.jpg 1 99 548 338 756
getter_data/images/5317f40e84093cf40500000e.jpg 1 1399 597 315 692
getter_data/images/5317f40f84093cf405000013.jpg 1 802 661 365 679
getter_data/images/5317f40d84093cf405000008.jpg 1 184 600 305 715
getter_data/images/5317f41a84093cf405000048.jpg 1 1505 704 302 492
getter_data/images/5317f45684093cf4050000a5.jpg 1 715 740 393 529
getter_data/images/5317f41984093cf405000047.jpg 1 71 716 307 493
getter_data/images/5317f45c84093cf4050000b4.jpg 1 1394 596 300 698
getter_data/images/5317f45c84093cf4050000b5.jpg 1 798 662 365 692
getter_data/images/5317f45c84093cf4050000b6.jpg 1 204 596 313 711
getter_data/images/5317f47984093cf40500010b.jpg 1 1447 540 259 708
getter_data/images/5317f47a84093cf40500010e.jpg 1 775 558 365 735
getter_data/images/5317f47a84093cf40500010f.jpg 1 150 562 330 731
getter_data/images/5317f504692abee50a000041.jpg 1 1293 731 232 572
getter_data/images/5317f505692abee50a000043.jpg 1 817 781 268 565
getter_data/images/5317f505692abee50a000045.jpg 1 390 740 283 570
getter_data/images/5317f4fb692abee50a00001c.jpg 1 1425 682 335 292
getter_data/images/5317f4fb692abee50a00001e.jpg 1 732 827 380 323
getter_data/images/5317f533692abee50a000087.jpg 1 114 696 344 294
getter_data/images/5317f533692abee50a000089.jpg 1 1491 699 328 314
getter_data/images/5317f4f9692abee50a000012.jpg 1 819 821 418 352
getter_data/images/5317f4fa692abee50a000019.jpg 1 84 747 346 307